0 0.33515625 0.571875 0.028125 0.03125
0 0.23671875 0.58359375 0.021875 0.034375
0 0.27578125 0.69375 0.0296875 0.025
0 0.23984375 0.7140625 0.028125 0.0296875
0 0.246875 0.74765625 0.03125 0.025
0 0.2375 0.77421875 0.0265625 0.03125
0 0.1828125 0.76171875 0.034375 0.03125
0 0.16328125 0.79375 0.025 0.03125
0 0.146875 0.86328125 0.0375 0.03125
0 0.228125 0.85 0.0375 0.03125
0 0.2640625 0.85234375 0.0328125 0.028125
0 0.21953125 0.65078125 0.03125 0.034375
0 0.190625 0.66328125 0.0203125 0.034375
0 0.2703125 0.6515625 0.025 0.03125
0 0.246875 0.65625 0.021875 0.0375
0 0.16796875 0.89375 0.0265625 0.034375
0 0.1296875 0.90078125 0.034375 0.028125