0 0.7546875 0.378125 0.15 0.125
0 0.85546875 0.24765625 0.0890625 0.115625
0 0.54375 0.32109375 0.09375 0.090625
0 0.60078125 0.2703125 0.1125 0.0625
0 0.78984375 0.18203125 0.1234375 0.0875
0 0.68515625 0.54140625 0.165625 0.075
0 0.6390625 0.4734375 0.18125 0.0703125
0 0.6390625 0.6203125 0.15625 0.1
0 0.784375 0.7234375 0.109375 0.128125
0 0.3828125 0.471875 0.1 0.10625
0 0.296875 0.6546875 0.165625 0.084375
0 0.3125 0.8421875 0.1375 0.109375
0 0.15703125 0.7546875 0.125 0.084375
0 0.09140625 0.17109375 0.128125 0.0703125