0 0.4328125 0.53203125 0.0265625 0.0375
0 0.359375 0.5484375 0.03125 0.040625
0 0.2921875 0.50703125 0.028125 0.0421875
0 0.3046875 0.59453125 0.028125 0.05
0 0.27734375 0.62578125 0.040625 0.0328125
0 0.15546875 0.66953125 0.04375 0.04375
0 0.20078125 0.6375 0.028125 0.0390625
0 0.53203125 0.590625 0.025 0.04375
0 0.55234375 0.62109375 0.021875 0.0375
0 0.44140625 0.37734375 0.021875 0.0390625
0 0.4328125 0.4125 0.025 0.034375
0 0.4921875 0.4984375 0.0234375 0.0359375
0 0.353125 0.64375 0.025 0.0484375
0 0.21953125 0.84921875 0.025 0.046875
0 0.09609375 0.8765625 0.025 0.05
0 0.07734375 0.82890625 0.034375 0.034375