0 0.5671875 0.53203125 0.0265625 0.0375
0 0.640625 0.5484375 0.03125 0.040625
0 0.7078125 0.50703125 0.028125 0.0421875
0 0.6953125 0.59453125 0.028125 0.05
0 0.72265625 0.62578125 0.040625 0.0328125
0 0.84453125 0.66953125 0.04375 0.04375
0 0.79921875 0.6375 0.028125 0.0390625
0 0.46796875 0.590625 0.025 0.04375
0 0.44765625 0.62109375 0.021875 0.0375
0 0.55859375 0.37734375 0.021875 0.0390625
0 0.5671875 0.4125 0.025 0.034375
0 0.5078125 0.4984375 0.0234375 0.0359375
0 0.646875 0.64375 0.025 0.0484375
0 0.78046875 0.84921875 0.025 0.046875
0 0.90390625 0.8765625 0.025 0.05
0 0.92265625 0.82890625 0.034375 0.034375