0 0.66484375 0.571875 0.028125 0.03203125
0 0.76328125 0.58359375 0.02265625 0.03515625
0 0.72421875 0.69375 0.0296875 0.02578125
0 0.76015625 0.7140625 0.028125 0.0296875
0 0.753125 0.74765625 0.03203125 0.025
0 0.7625 0.77421875 0.0265625 0.03046875
0 0.8171875 0.76171875 0.034375 0.03203125
0 0.83671875 0.79375 0.02421875 0.03046875
0 0.853125 0.86328125 0.0375 0.03125
0 0.771875 0.85 0.03671875 0.03125
0 0.7359375 0.85234375 0.0328125 0.028125
0 0.78046875 0.65078125 0.03046875 0.03359375
0 0.809375 0.66328125 0.0203125 0.034375
0 0.7296875 0.6515625 0.02421875 0.03125
0 0.753125 0.65625 0.021875 0.03671875
0 0.83203125 0.89375 0.0265625 0.03359375
0 0.8703125 0.90078125 0.03515625 0.02890625