0 0.61015625 0.67421875 0.0578125 0.040625
0 0.5546875 0.5640625 0.065625 0.04375
0 0.3640625 0.64375 0.059375 0.0375
0 0.29921875 0.68984375 0.0640625 0.0390625
0 0.3421875 0.72578125 0.065625 0.034375
0 0.62421875 0.75 0.071875 0.03125
0 0.6421875 0.79453125 0.071875 0.034375
0 0.4640625 0.78984375 0.053125 0.034375
0 0.34921875 0.81171875 0.065625 0.03125
0 0.315625 0.8515625 0.05625 0.04375
0 0.27109375 0.88359375 0.0609375 0.0359375
0 0.15234375 0.8984375 0.06875 0.0359375
0 0.19140625 0.5578125 0.0875 0.028125
0 0.73515625 0.5921875 0.059375 0.0375
0 0.54375 0.42109375 0.046875 0.03125
0 0.440625 0.38359375 0.059375 0.0375