0 0.61015625 0.32578125 0.0578125 0.040625
0 0.5546875 0.4359375 0.065625 0.04375
0 0.3640625 0.35625 0.059375 0.0375
0 0.29921875 0.31015625 0.0640625 0.0390625
0 0.3421875 0.27421875 0.065625 0.034375
0 0.62421875 0.25 0.071875 0.03125
0 0.6421875 0.20546875 0.071875 0.034375
0 0.4640625 0.21015625 0.053125 0.034375
0 0.34921875 0.18828125 0.065625 0.03125
0 0.315625 0.1484375 0.05625 0.04375
0 0.27109375 0.11640625 0.0609375 0.0359375
0 0.15234375 0.1015625 0.06875 0.0359375
0 0.19140625 0.4421875 0.0875 0.028125
0 0.73515625 0.4078125 0.059375 0.0375
0 0.54375 0.57890625 0.046875 0.03125
0 0.440625 0.61640625 0.059375 0.0375