0 0.2453125 0.621875 0.15 0.125
0 0.14453125 0.75234375 0.0890625 0.115625
0 0.45625 0.67890625 0.09375 0.090625
0 0.39921875 0.7296875 0.1125 0.0625
0 0.21015625 0.81796875 0.1234375 0.0890625
0 0.31484375 0.45859375 0.165625 0.075
0 0.3609375 0.5265625 0.18125 0.0703125
0 0.3609375 0.3796875 0.15625 0.1
0 0.215625 0.2765625 0.109375 0.128125
0 0.6171875 0.528125 0.1 0.10625
0 0.703125 0.3453125 0.165625 0.084375
0 0.6875 0.1578125 0.1375 0.109375
0 0.84296875 0.2453125 0.125 0.084375
0 0.90859375 0.82890625 0.128125 0.0703125