0 0.32578125 0.38984375 0.04140625 0.0578125
0 0.4359375 0.4453125 0.04296875 0.06484375
0 0.35625 0.6359375 0.03828125 0.06015625
0 0.31015625 0.70078125 0.0390625 0.0640625
0 0.27421875 0.6578125 0.03359375 0.06640625
0 0.25 0.37578125 0.03046875 0.07265625
0 0.20546875 0.3578125 0.034375 0.07265625
0 0.21015625 0.5359375 0.03359375 0.05234375
0 0.18828125 0.65078125 0.03125 0.065625
0 0.1484375 0.684375 0.04375 0.05625
0 0.11640625 0.72890625 0.0359375 0.0609375
0 0.1015625 0.84765625 0.0359375 0.06796875
0 0.4421875 0.80859375 0.02734375 0.08828125
0 0.4078125 0.26484375 0.0375 0.059375
0 0.57890625 0.45625 0.03125 0.04609375
0 0.61640625 0.559375 0.0375 0.05859375