0 0.428125 0.66484375 0.03125 0.028125
0 0.41640625 0.76328125 0.034375 0.021875
0 0.30625 0.72421875 0.025 0.0296875
0 0.2859375 0.76015625 0.0296875 0.028125
0 0.25234375 0.753125 0.025 0.03125
0 0.22578125 0.7625 0.03125 0.0265625
0 0.23828125 0.8171875 0.03125 0.034375
0 0.20625 0.83671875 0.03125 0.025
0 0.13671875 0.853125 0.03125 0.0375
0 0.15 0.771875 0.03125 0.0375
0 0.14765625 0.7359375 0.028125 0.0328125
0 0.34921875 0.78046875 0.034375 0.03125
0 0.33671875 0.809375 0.034375 0.0203125
0 0.3484375 0.7296875 0.03125 0.025
0 0.34375 0.753125 0.0375 0.021875
0 0.10625 0.83203125 0.034375 0.0265625
0 0.09921875 0.8703125 0.028125 0.034375