0 0.378125 0.2453125 0.12421875 0.14921875
0 0.24765625 0.14453125 0.11484375 0.0890625
0 0.32109375 0.45625 0.090625 0.09375
0 0.2703125 0.39921875 0.06171875 0.11328125
0 0.18203125 0.21015625 0.08828125 0.1234375
0 0.54140625 0.31484375 0.07421875 0.165625
0 0.4734375 0.3609375 0.0703125 0.18203125
0 0.6203125 0.3609375 0.1 0.15546875
0 0.7234375 0.215625 0.12890625 0.11015625
0 0.471875 0.6171875 0.10703125 0.10078125
0 0.6546875 0.703125 0.08515625 0.16640625
0 0.8421875 0.6875 0.11015625 0.13671875
0 0.7546875 0.84296875 0.08359375 0.125
0 0.17109375 0.90859375 0.0703125 0.12890625