1 0.59609375 0.44140625 0.025 0.0578125
1 0.5265625 0.07109375 0.015625 0.05625
1 0.59453125 0.13046875 0.015625 0.0515625
1 0.603125 0.08671875 0.0125 0.053125
1 0.7390625 0.10390625 0.0234375 0.053125
1 0.6453125 0.2875 0.025 0.0453125
1 0.63046875 0.33828125 0.0125 0.059375
1 0.5640625 0.3859375 0.021875 0.0390625
1 0.5421875 0.2734375 0.0109375 0.040625
1 0.58203125 0.2890625 0.028125 0.0375
1 0.63671875 0.22578125 0.0171875 0.065625
1 0.35 0.52734375 0.0203125 0.0578125
1 0.33984375 0.65 0.0171875 0.053125
1 0.50390625 0.6765625 0.01875 0.0546875
1 0.44609375 0.54453125 0.0125 0.053125
1 0.45859375 0.53046875 0.015625 0.05625
1 0.46640625 0.6203125 0.0125 0.065625
1 0.565625 0.11953125 0.01875 0.0375
1 0.18671875 0.21640625 0.01875 0.0453125
1 0.2765625 0.309375 0.01875 0.0453125
1 0.24140625 0.55 0.0140625 0.05625
1 0.19609375 0.5359375 0.021875 0.040625
1 0.19765625 0.440625 0.0125 0.053125
1 0.16015625 0.59921875 0.015625 0.04375