1 0.5625 0.23984375 0.04609375 0.04765625
1 0.7109375 0.24609375 0.02578125 0.07421875
1 0.69609375 0.3265625 0.04609375 0.040625
1 0.66015625 0.2765625 0.04375 0.04921875
1 0.378125 0.221875 0.04140625 0.06875
1 0.378125 0.30859375 0.03359375 0.046875
1 0.47109375 0.37578125 0.0234375 0.0484375
1 0.6125 0.4828125 0.0328125 0.0421875
1 0.61953125 0.3515625 0.02421875 0.0578125
1 0.76796875 0.34921875 0.034375 0.053125
1 0.90625 0.32109375 0.05390625 0.07109375
1 0.4578125 0.5546875 0.03125 0.02890625
1 0.521875 0.46328125 0.01953125 0.03984375
1 0.55390625 0.4703125 0.02109375 0.0421875
1 0.57109375 0.43203125 0.02734375 0.03671875
1 0.54765625 0.3265625 0.0296875 0.04609375
1 0.45859375 0.2734375 0.03359375 0.046875
1 0.4453125 0.3 0.03125 0.0515625
1 0.42109375 0.31015625 0.028125 0.05
1 0.42734375 0.36328125 0.03828125 0.03671875
1 0.490625 0.4265625 0.02421875 0.03984375
1 0.46796875 0.45 0.0203125 0.0375
1 0.49375 0.48359375 0.02109375 0.03515625
1 0.5046875 0.46328125 0.01953125 0.04609375
1 0.5078125 0.53984375 0.02578125 0.03359375
1 0.48515625 0.509375 0.0203125 0.03359375
1 0.46484375 0.496875 0.0203125 0.03125
1 0.42890625 0.515625 0.034375 0.0203125
1 0.4515625 0.46015625 0.0328125 0.03125
1 0.44375 0.42109375 0.03046875 0.03203125
1 0.44765625 0.39140625 0.02578125 0.0359375
1 0.659375 0.365625 0.03046875 0.03203125
1 0.634375 0.31875 0.02421875 0.04765625
1 0.31796875 0.625 0.03046875 0.021875
1 0.28984375 0.60234375 0.0296875 0.025
1 0.3546875 0.59296875 0.0296875 0.034375
1 0.29609375 0.465625 0.02890625 0.025
1 0.33984375 0.45859375 0.03046875 0.0265625