1 0.59765625 0.14140625 0.034375 0.03125
1 0.50078125 0.37890625 0.0375 0.03125
1 0.40859375 0.43125 0.0390625 0.0375
1 0.4484375 0.3015625 0.0375 0.0359375
1 0.5703125 0.4984375 0.03125 0.0359375
1 0.4953125 0.53046875 0.0328125 0.0375
1 0.46328125 0.5921875 0.0390625 0.0375
1 0.45390625 0.65 0.025 0.034375
1 0.54140625 0.65 0.040625 0.021875
1 0.509375 0.6984375 0.0546875 0.03125
1 0.46328125 0.68515625 0.0515625 0.0359375
1 0.38671875 0.7265625 0.03125 0.0375
1 0.55546875 0.84453125 0.0375 0.0375
1 0.64296875 0.7734375 0.01875 0.0375
1 0.6578125 0.71796875 0.0359375 0.028125
1 0.69296875 0.63828125 0.04375 0.021875