1 0.515625 0.32734375 0.03515625 0.0296875
1 0.23515625 0.2734375 0.040625 0.02734375
1 0.35 0.3609375 0.028125 0.0234375
1 0.375 0.36640625 0.025 0.02734375
1 0.36328125 0.49609375 0.034375 0.0234375
1 0.37421875 0.52421875 0.0296875 0.021875
1 0.79296875 0.37890625 0.025 0.03046875
1 0.37421875 0.584375 0.028125 0.02421875
1 0.31953125 0.61171875 0.0359375 0.0171875
1 0.58203125 0.68984375 0.02578125 0.02265625
1 0.509375 0.6453125 0.021875 0.02578125
1 0.32109375 0.62734375 0.02734375 0.021875
1 0.41328125 0.54609375 0.02890625 0.0171875
1 0.178125 0.57890625 0.021875 0.03046875