1 0.2234375 0.39140625 0.134375 0.084375
1 0.2375 0.29375 0.153125 0.0625
1 0.134375 0.53515625 0.1484375 0.0828125
1 0.1484375 0.628125 0.1359375 0.0671875
1 0.4859375 0.4203125 0.1296875 0.0953125
1 0.371875 0.2796875 0.1375 0.059375
1 0.4375 0.22265625 0.09375 0.09375
1 0.42578125 0.0453125 0.1 0.090625
1 0.55625 0.1953125 0.084375 0.109375
1 0.790625 0.228125 0.134375 0.05
1 0.384375 0.7953125 0.09375 0.075
1 0.30078125 0.73125 0.1125 0.05625
1 0.13984375 0.7703125 0.1125 0.05625
1 0.23203125 0.9140625 0.096875 0.0734375
1 0.4609375 0.86015625 0.134375 0.059375
1 0.471875 0.78671875 0.09375 0.075
1 0.6953125 0.69453125 0.13125 0.053125
1 0.78046875 0.6109375 0.109375 0.078125
1 0.815625 0.4515625 0.1046875 0.084375
1 0.76875 0.3078125 0.1 0.071875
1 0.88671875 0.375 0.0875 0.065625
1 0.68828125 0.440625 0.1 0.059375
1 0.4515625 0.51953125 0.1296875 0.05
1 0.32265625 0.60703125 0.1375 0.05625
1 0.34140625 0.65390625 0.134375 0.0421875
1 0.446875 0.6484375 0.1171875 0.0515625
1 0.459375 0.59375 0.0875 0.0734375
1 0.57265625 0.634375 0.103125 0.059375
1 0.64140625 0.7328125 0.1328125 0.053125
1 0.72890625 0.784375 0.0828125 0.0890625
1 0.83515625 0.8140625 0.1234375 0.0796875
1 0.640625 0.79453125 0.090625 0.059375