1 0.81796875 0.6421875 0.0625 0.046875
1 0.8 0.52734375 0.0734375 0.03125
1 0.75625 0.63984375 0.0625 0.046875
1 0.7140625 0.70625 0.0515625 0.028125
1 0.6953125 0.62421875 0.0515625 0.034375
1 0.6828125 0.65546875 0.0484375 0.046875
1 0.63984375 0.540625 0.0625 0.0375
1 0.63515625 0.46171875 0.05 0.0296875
1 0.584375 0.45390625 0.0390625 0.0375
1 0.4171875 0.71015625 0.075 0.025
1 0.409375 0.73359375 0.059375 0.025
1 0.425 0.63046875 0.05625 0.025
1 0.4296875 0.67265625 0.059375 0.040625
1 0.37890625 0.56484375 0.0734375 0.0375
1 0.375 0.59609375 0.075 0.0265625
1 0.38046875 0.62265625 0.0296875 0.034375
1 0.36953125 0.67421875 0.034375 0.046875
1 0.35234375 0.721875 0.0546875 0.0375
1 0.5453125 0.8125 0.04375 0.0375
1 0.56328125 0.75234375 0.05 0.0375
1 0.58515625 0.69296875 0.0625 0.028125
1 0.62734375 0.65234375 0.0625 0.025
1 0.67265625 0.759375 0.0625 0.040625
1 0.58515625 0.809375 0.05 0.040625
1 0.64296875 0.7984375 0.04375 0.0375
1 0.5296875 0.596875 0.040625 0.05
1 0.49296875 0.53203125 0.04375 0.0375
1 0.4359375 0.52265625 0.040625 0.0359375
1 0.51015625 0.46015625 0.040625 0.0390625
1 0.546875 0.47265625 0.046875 0.0296875
1 0.51796875 0.49609375 0.071875 0.028125
1 0.5796875 0.58203125 0.053125 0.040625