1 0.32734375 0.515625 0.0296875 0.034375
1 0.2734375 0.23515625 0.028125 0.040625
1 0.3609375 0.35 0.0234375 0.028125
1 0.36640625 0.375 0.028125 0.025
1 0.49609375 0.36328125 0.0234375 0.034375
1 0.52421875 0.37421875 0.021875 0.0296875
1 0.37890625 0.79296875 0.03125 0.025
1 0.584375 0.37421875 0.025 0.028125
1 0.61171875 0.31953125 0.0171875 0.0359375
1 0.68984375 0.58203125 0.021875 0.025
1 0.6453125 0.509375 0.025 0.021875
1 0.62734375 0.32109375 0.021875 0.028125
1 0.54609375 0.41328125 0.0171875 0.028125
1 0.57890625 0.178125 0.03125 0.021875