1 0.42890625 0.2875 0.01328125 0.021875
1 0.54609375 0.19921875 0.01953125 0.01484375
1 0.56953125 0.1359375 0.01328125 0.0234375
1 0.59375 0.30703125 0.01875 0.02578125
1 0.33046875 0.27734375 0.01171875 0.028125
1 0.39375 0.3421875 0.01953125 0.01640625
1 0.309375 0.31875 0.01171875 0.02734375
1 0.35234375 0.4546875 0.01796875 0.0203125
1 0.45 0.50703125 0.015625 0.02421875
1 0.53828125 0.36015625 0.015625 0.01875
1 0.50390625 0.29609375 0.0109375 0.0203125
1 0.5609375 0.26640625 0.0140625 0.0171875