1 0.471875 0.25234375 0.03828125 0.053125
1 0.58046875 0.29921875 0.0328125 0.0453125
1 0.634375 0.4078125 0.0296875 0.06328125
1 0.66640625 0.40234375 0.02890625 0.07109375
1 0.70859375 0.40078125 0.03046875 0.0765625
1 0.753125 0.4875 0.0375 0.0546875
1 0.48984375 0.409375 0.04765625 0.04765625
1 0.4359375 0.28671875 0.046875 0.0484375
1 0.3984375 0.25859375 0.02890625 0.05703125
1 0.3578125 0.34296875 0.02578125 0.06328125
1 0.3890625 0.33203125 0.03203125 0.0625
1 0.41875 0.3484375 0.0390625 0.05859375
1 0.5109375 0.32734375 0.0296875 0.0546875
1 0.55234375 0.340625 0.03359375 0.05859375