1 0.67265625 0.484375 0.0296875 0.034375
1 0.7265625 0.76484375 0.028125 0.040625
1 0.6390625 0.65 0.0234375 0.028125
1 0.63359375 0.625 0.028125 0.025
1 0.50390625 0.63671875 0.0234375 0.034375
1 0.47578125 0.62578125 0.021875 0.0296875
1 0.62109375 0.20703125 0.03125 0.025
1 0.415625 0.62578125 0.025 0.028125
1 0.38828125 0.68046875 0.0171875 0.0359375
1 0.31015625 0.41796875 0.021875 0.025
1 0.3546875 0.490625 0.025 0.021875
1 0.37265625 0.67890625 0.021875 0.028125
1 0.45390625 0.58671875 0.0171875 0.028125
1 0.42109375 0.821875 0.03125 0.021875