1 0.74765625 0.471875 0.053125 0.0375
1 0.70078125 0.58046875 0.0453125 0.0328125
1 0.5921875 0.634375 0.0625 0.0296875
1 0.59765625 0.66640625 0.071875 0.028125
1 0.59921875 0.70859375 0.0765625 0.03125
1 0.5125 0.753125 0.0546875 0.0375
1 0.590625 0.48984375 0.046875 0.046875
1 0.71328125 0.4359375 0.0484375 0.046875
1 0.74140625 0.3984375 0.05625 0.028125
1 0.65703125 0.3578125 0.0625 0.025
1 0.66796875 0.3890625 0.0625 0.03125
1 0.6515625 0.41875 0.059375 0.0390625
1 0.67265625 0.5109375 0.0546875 0.0296875
1 0.659375 0.55234375 0.059375 0.034375