1 0.46796875 0.390625 0.021875 0.02890625
1 0.37265625 0.46875 0.01875 0.03515625
1 0.33203125 0.42421875 0.0171875 0.021875
1 0.4078125 0.334375 0.015625 0.034375
1 0.41328125 0.2859375 0.015625 0.03828125
1 0.515625 0.31015625 0.0109375 0.02734375
1 0.62734375 0.28203125 0.0140625 0.0234375
1 0.7140625 0.4234375 0.015625 0.028125
1 0.79765625 0.43359375 0.0140625 0.0296875
1 0.71328125 0.31328125 0.01171875 0.02421875
1 0.54296875 0.53984375 0.015625 0.02890625
1 0.51875 0.5515625 0.01875 0.02578125
1 0.40625 0.58046875 0.0171875 0.03125
1 0.1265625 0.58984375 0.0171875 0.0359375