1 0.40390625 0.44140625 0.02578125 0.0578125
1 0.4734375 0.07109375 0.015625 0.05625
1 0.40546875 0.13046875 0.015625 0.0515625
1 0.396875 0.08671875 0.01328125 0.053125
1 0.2609375 0.10390625 0.0234375 0.053125
1 0.3546875 0.2875 0.025 0.0453125
1 0.36953125 0.33828125 0.0125 0.059375
1 0.4359375 0.3859375 0.02109375 0.0390625
1 0.4578125 0.2734375 0.0109375 0.04140625
1 0.41796875 0.2890625 0.02734375 0.0375
1 0.36328125 0.22578125 0.0171875 0.06484375
1 0.65 0.52734375 0.0203125 0.0578125
1 0.66015625 0.65 0.0171875 0.05234375
1 0.49609375 0.6765625 0.01875 0.0546875
1 0.55390625 0.54453125 0.0125 0.053125
1 0.54140625 0.53046875 0.01484375 0.05625
1 0.53359375 0.6203125 0.01328125 0.06640625
1 0.434375 0.11953125 0.01953125 0.03671875
1 0.81328125 0.21640625 0.01875 0.0453125
1 0.7234375 0.309375 0.01796875 0.0453125
1 0.75859375 0.55 0.0140625 0.05625
1 0.80390625 0.5359375 0.021875 0.04140625
1 0.80234375 0.440625 0.0125 0.05390625
1 0.83984375 0.59921875 0.01640625 0.04296875