1 0.53671875 0.52890625 0.06875 0.0609375
1 0.64453125 0.70625 0.071875 0.05625
1 0.72421875 0.61953125 0.090625 0.0484375
1 0.6609375 0.54140625 0.071875 0.0625
1 0.596875 0.24921875 0.06875 0.0609375
1 0.46953125 0.18046875 0.078125 0.05625
1 0.48828125 0.11015625 0.090625 0.04375
1 0.5015625 0.48359375 0.071875 0.053125
1 0.56328125 0.3046875 0.053125 0.053125
1 0.4765625 0.2734375 0.05625 0.05
1 0.53125 0.2921875 0.075 0.04375
1 0.5609375 0.21953125 0.040625 0.053125
1 0.3453125 0.90703125 0.078125 0.040625
1 0.4890625 0.6546875 0.075 0.0359375
1 0.534375 0.67109375 0.0625 0.040625
1 0.2375 0.65703125 0.053125 0.065625
1 0.29765625 0.7765625 0.0671875 0.0484375
1 0.3265625 0.72109375 0.053125 0.0625