1 0.60859375 0.2234375 0.084375 0.13359375
1 0.70625 0.2375 0.0625 0.15234375
1 0.46484375 0.134375 0.0828125 0.1484375
1 0.371875 0.1484375 0.06640625 0.1359375
1 0.5796875 0.4859375 0.0953125 0.1296875
1 0.7203125 0.371875 0.06015625 0.13671875
1 0.77734375 0.4375 0.09375 0.09296875
1 0.9546875 0.42578125 0.08984375 0.10078125
1 0.8046875 0.55625 0.10859375 0.08359375
1 0.771875 0.790625 0.05 0.134375
1 0.2046875 0.384375 0.07421875 0.09375
1 0.26875 0.30078125 0.05546875 0.11328125
1 0.2296875 0.13984375 0.05625 0.11328125
1 0.0859375 0.23203125 0.0734375 0.096875
1 0.13984375 0.4609375 0.05859375 0.134375
1 0.21328125 0.471875 0.075 0.09375
1 0.30546875 0.6953125 0.05390625 0.13125
1 0.3890625 0.78046875 0.078125 0.11015625
1 0.5484375 0.815625 0.08515625 0.1046875
1 0.6921875 0.76875 0.07265625 0.09921875
1 0.625 0.88671875 0.065625 0.0875
1 0.559375 0.68828125 0.06015625 0.1
1 0.48046875 0.4515625 0.05 0.1296875
1 0.39296875 0.32265625 0.05625 0.13671875
1 0.34609375 0.34140625 0.0421875 0.13515625
1 0.3515625 0.446875 0.0515625 0.1171875
1 0.40625 0.459375 0.0734375 0.0875
1 0.365625 0.57265625 0.06015625 0.10234375
1 0.2671875 0.64140625 0.05390625 0.1328125
1 0.215625 0.72890625 0.0890625 0.0828125
1 0.1859375 0.83515625 0.07890625 0.1234375
1 0.20546875 0.640625 0.05859375 0.090625