1 0.56953125 0.6125 0.028125 0.01875
1 0.51171875 0.6234375 0.028125 0.01875
1 0.47421875 0.61328125 0.025 0.021875
1 0.47109375 0.51171875 0.025 0.025
1 0.4234375 0.496875 0.0203125 0.01875
1 0.4375 0.384375 0.025 0.01875
1 0.425 0.334375 0.025 0.021875
1 0.39296875 0.3765625 0.0234375 0.025
1 0.70546875 0.3703125 0.028125 0.025
1 0.7109375 0.44765625 0.0234375 0.021875
1 0.6578125 0.32421875 0.025 0.021875
1 0.55703125 0.30390625 0.0375 0.015625
1 0.475 0.2921875 0.0328125 0.015625
1 0.334375 0.4234375 0.025 0.0171875