1 0.9015625 0.471875 0.053125 0.159375
1 0.44609375 0.39375 0.059375 0.10625
1 0.5375 0.40703125 0.034375 0.1125
1 0.55625 0.3234375 0.059375 0.0703125
1 0.66484375 0.38671875 0.065625 0.0875
1 0.5890625 0.44921875 0.05 0.109375
1 0.6265625 0.48359375 0.05625 0.09375
1 0.5640625 0.53671875 0.04375 0.140625
1 0.5265625 0.53203125 0.04375 0.10625
1 0.4140625 0.5859375 0.0453125 0.1234375
1 0.48671875 0.7 0.0625 0.096875
1 0.52578125 0.746875 0.05625 0.08125
1 0.54453125 0.81953125 0.05625 0.071875