1 0.609375 0.53203125 0.028125 0.021875
1 0.53125 0.62734375 0.034375 0.01875
1 0.57578125 0.66796875 0.021875 0.0171875
1 0.665625 0.5921875 0.034375 0.015625
1 0.7140625 0.58671875 0.0375 0.015625
1 0.68984375 0.484375 0.028125 0.0109375
1 0.71796875 0.37265625 0.0234375 0.0140625
1 0.5765625 0.2859375 0.028125 0.015625
1 0.56640625 0.20234375 0.0296875 0.0140625
1 0.68671875 0.28671875 0.025 0.0125
1 0.46015625 0.45703125 0.028125 0.015625
1 0.4484375 0.48125 0.025 0.01875
1 0.41953125 0.59375 0.03125 0.0171875
1 0.41015625 0.8734375 0.0359375 0.0171875