1 0.0984375 0.471875 0.053125 0.159375
1 0.55390625 0.39375 0.059375 0.10625
1 0.4625 0.40703125 0.034375 0.1125
1 0.44375 0.3234375 0.059375 0.0703125
1 0.33515625 0.38671875 0.065625 0.0875
1 0.4109375 0.44921875 0.05 0.109375
1 0.3734375 0.48359375 0.05625 0.09375
1 0.4359375 0.53671875 0.04375 0.140625
1 0.4734375 0.53203125 0.04375 0.10625
1 0.5859375 0.5859375 0.0453125 0.1234375
1 0.51328125 0.7 0.0625 0.096875
1 0.47421875 0.746875 0.05625 0.08125
1 0.45546875 0.81953125 0.05625 0.071875