1 0.25234375 0.528125 0.053125 0.0375
1 0.29921875 0.41953125 0.0453125 0.0328125
1 0.4078125 0.365625 0.0625 0.0296875
1 0.40234375 0.33359375 0.071875 0.028125
1 0.40078125 0.29140625 0.0765625 0.03125
1 0.4875 0.246875 0.0546875 0.0375
1 0.409375 0.51015625 0.046875 0.046875
1 0.28671875 0.5640625 0.0484375 0.046875
1 0.25859375 0.6015625 0.05625 0.028125
1 0.34296875 0.6421875 0.0625 0.025
1 0.33203125 0.6109375 0.0625 0.03125
1 0.3484375 0.58125 0.059375 0.0390625
1 0.32734375 0.4890625 0.0546875 0.0296875
1 0.340625 0.44765625 0.059375 0.034375