1 0.428125 0.10078125 0.040625 0.0640625
1 0.46953125 0.1515625 0.034375 0.0921875
1 0.4046875 0.35078125 0.0375 0.084375
1 0.50859375 0.571875 0.040625 0.09375
1 0.584375 0.4578125 0.028125 0.140625
1 0.621875 0.49140625 0.025 0.13125
1 0.66015625 0.45546875 0.0390625 0.0953125
1 0.71484375 0.6734375 0.0359375 0.0875
1 0.6609375 0.68671875 0.025 0.08125
1 0.6484375 0.61015625 0.025 0.1296875
1 0.70546875 0.45234375 0.046875 0.09375
1 0.51171875 0.8453125 0.0265625 0.121875
1 0.56015625 0.80625 0.01875 0.1125
1 0.49375 0.275 0.040625 0.0875
1 0.40390625 0.16328125 0.03125 0.1015625