1 0.9015625 0.471875 0.05390625 0.159375
1 0.44609375 0.39375 0.059375 0.10625
1 0.5375 0.40703125 0.03359375 0.1125
1 0.55625 0.3234375 0.06015625 0.0703125
1 0.66484375 0.38671875 0.065625 0.08671875
1 0.5890625 0.44921875 0.04921875 0.10859375
1 0.6265625 0.48359375 0.05703125 0.09296875
1 0.5640625 0.53671875 0.04296875 0.13984375
1 0.5265625 0.53203125 0.04296875 0.10625
1 0.4140625 0.5859375 0.0453125 0.1234375
1 0.48671875 0.7 0.06328125 0.09765625
1 0.52578125 0.746875 0.05625 0.08203125
1 0.54453125 0.81953125 0.05703125 0.07265625