1 0.6125 0.43046875 0.01796875 0.028125
1 0.6234375 0.48828125 0.01953125 0.02890625
1 0.61328125 0.52578125 0.02109375 0.025
1 0.51171875 0.52890625 0.02421875 0.02578125
1 0.496875 0.5765625 0.01796875 0.0203125
1 0.384375 0.5625 0.01875 0.02421875
1 0.334375 0.575 0.02265625 0.025
1 0.3765625 0.60703125 0.02578125 0.0234375
1 0.3703125 0.29453125 0.02421875 0.028125
1 0.44765625 0.2890625 0.02265625 0.0234375
1 0.32421875 0.3421875 0.021875 0.025
1 0.30390625 0.44296875 0.01484375 0.03671875
1 0.2921875 0.525 0.01640625 0.0328125
1 0.4234375 0.665625 0.0171875 0.02578125