1 0.53203125 0.390625 0.021875 0.028125
1 0.62734375 0.46875 0.01875 0.034375
1 0.66796875 0.42421875 0.0171875 0.021875
1 0.5921875 0.334375 0.015625 0.034375
1 0.58671875 0.2859375 0.015625 0.0375
1 0.484375 0.31015625 0.0109375 0.028125
1 0.37265625 0.28203125 0.0140625 0.0234375
1 0.2859375 0.4234375 0.015625 0.028125
1 0.20234375 0.43359375 0.0140625 0.0296875
1 0.28671875 0.31328125 0.0125 0.025
1 0.45703125 0.53984375 0.015625 0.028125
1 0.48125 0.5515625 0.01875 0.025
1 0.59375 0.58046875 0.0171875 0.03125
1 0.8734375 0.58984375 0.0171875 0.0359375