1 0.3578125 0.18203125 0.046875 0.06171875
1 0.47265625 0.2 0.03203125 0.0734375
1 0.36015625 0.24375 0.046875 0.0625
1 0.29375 0.2859375 0.02734375 0.0515625
1 0.37578125 0.3046875 0.03359375 0.0515625
1 0.34453125 0.3171875 0.046875 0.0484375
1 0.459375 0.36015625 0.03828125 0.0625
1 0.53828125 0.36484375 0.0296875 0.04921875
1 0.54609375 0.415625 0.0375 0.0390625
1 0.28984375 0.5828125 0.02578125 0.07421875
1 0.26640625 0.590625 0.025 0.059375
1 0.36953125 0.575 0.02421875 0.05703125
1 0.32734375 0.5703125 0.040625 0.059375
1 0.43515625 0.62109375 0.03671875 0.0734375
1 0.40390625 0.625 0.0265625 0.07421875
1 0.37734375 0.61953125 0.03515625 0.0296875
1 0.32578125 0.63046875 0.04765625 0.03515625
1 0.278125 0.64765625 0.03828125 0.0546875
1 0.1875 0.4546875 0.03671875 0.04375
1 0.24765625 0.43671875 0.03671875 0.04921875
1 0.30703125 0.41484375 0.028125 0.0625
1 0.34765625 0.37265625 0.02578125 0.06171875
1 0.240625 0.32734375 0.03984375 0.0625
1 0.190625 0.41484375 0.04140625 0.05078125
1 0.2015625 0.35703125 0.03828125 0.04375
1 0.403125 0.4703125 0.05 0.040625
1 0.46796875 0.50703125 0.03828125 0.04453125
1 0.47734375 0.5640625 0.0359375 0.040625
1 0.53984375 0.48984375 0.0390625 0.03984375
1 0.52734375 0.453125 0.0296875 0.046875
1 0.50390625 0.48203125 0.028125 0.07265625
1 0.41796875 0.4203125 0.04140625 0.05234375