1 0.52890625 0.46328125 0.0609375 0.06796875
1 0.70625 0.35546875 0.05625 0.07265625
1 0.61953125 0.27578125 0.0484375 0.08984375
1 0.54140625 0.3390625 0.0625 0.071875
1 0.24921875 0.403125 0.0609375 0.06875
1 0.18046875 0.53046875 0.05546875 0.07734375
1 0.11015625 0.51171875 0.04453125 0.090625
1 0.48359375 0.4984375 0.05390625 0.071875
1 0.3046875 0.43671875 0.05390625 0.05234375
1 0.2734375 0.5234375 0.05 0.05703125
1 0.2921875 0.46875 0.04296875 0.07578125
1 0.21953125 0.4390625 0.05390625 0.04140625
1 0.90703125 0.6546875 0.040625 0.07890625
1 0.6546875 0.5109375 0.0359375 0.07421875
1 0.67109375 0.465625 0.040625 0.06328125
1 0.65703125 0.7625 0.06640625 0.05234375
1 0.7765625 0.70234375 0.0484375 0.0671875
1 0.72109375 0.6734375 0.06171875 0.05234375