1 0.46328125 0.52890625 0.06875 0.0609375
1 0.35546875 0.70625 0.071875 0.05625
1 0.27578125 0.61953125 0.090625 0.0484375
1 0.3390625 0.54140625 0.071875 0.0625
1 0.403125 0.24921875 0.06875 0.0609375
1 0.53046875 0.18046875 0.078125 0.05625
1 0.51171875 0.11015625 0.090625 0.04375
1 0.4984375 0.48359375 0.071875 0.053125
1 0.43671875 0.3046875 0.053125 0.053125
1 0.5234375 0.2734375 0.05625 0.05
1 0.46875 0.2921875 0.075 0.04375
1 0.4390625 0.21953125 0.040625 0.053125
1 0.6546875 0.90703125 0.078125 0.040625
1 0.5109375 0.6546875 0.075 0.0359375
1 0.465625 0.67109375 0.0625 0.040625
1 0.7625 0.65703125 0.053125 0.065625
1 0.70234375 0.7765625 0.0671875 0.0484375
1 0.6734375 0.72109375 0.053125 0.0625