1 0.14140625 0.40234375 0.03125 0.034375
1 0.37890625 0.49921875 0.03125 0.0375
1 0.43125 0.59140625 0.0375 0.0390625
1 0.3015625 0.5515625 0.0359375 0.0375
1 0.4984375 0.4296875 0.0359375 0.03125
1 0.53046875 0.5046875 0.0375 0.0328125
1 0.5921875 0.53671875 0.0375 0.0390625
1 0.65 0.54609375 0.034375 0.025
1 0.65 0.45859375 0.021875 0.040625
1 0.6984375 0.490625 0.03125 0.0546875
1 0.68515625 0.53671875 0.0359375 0.0515625
1 0.7265625 0.61328125 0.0375 0.03125
1 0.84453125 0.44453125 0.0375 0.0375
1 0.7734375 0.35703125 0.0375 0.01875
1 0.71796875 0.3421875 0.028125 0.0359375
1 0.63828125 0.30703125 0.021875 0.04375