1 0.39140625 0.2234375 0.084375 0.134375
1 0.29375 0.2375 0.0625 0.153125
1 0.53515625 0.134375 0.0828125 0.1484375
1 0.628125 0.1484375 0.065625 0.1359375
1 0.4203125 0.4859375 0.0953125 0.1296875
1 0.2796875 0.371875 0.059375 0.1375
1 0.22265625 0.4375 0.09375 0.09375
1 0.0453125 0.42578125 0.090625 0.1
1 0.1953125 0.55625 0.109375 0.084375
1 0.228125 0.790625 0.05 0.134375
1 0.7953125 0.384375 0.075 0.09375
1 0.73125 0.30078125 0.05625 0.1125
1 0.7703125 0.13984375 0.05625 0.1125
1 0.9140625 0.23203125 0.0734375 0.096875
1 0.86015625 0.4609375 0.059375 0.134375
1 0.78671875 0.471875 0.075 0.09375
1 0.69453125 0.6953125 0.053125 0.13125
1 0.6109375 0.78046875 0.078125 0.109375
1 0.4515625 0.815625 0.084375 0.1046875
1 0.3078125 0.76875 0.071875 0.1
1 0.375 0.88671875 0.065625 0.0875
1 0.440625 0.68828125 0.059375 0.1
1 0.51953125 0.4515625 0.05 0.1296875
1 0.60703125 0.32265625 0.05625 0.1375
1 0.65390625 0.34140625 0.0421875 0.134375
1 0.6484375 0.446875 0.0515625 0.1171875
1 0.59375 0.459375 0.0734375 0.0875
1 0.634375 0.57265625 0.059375 0.103125
1 0.7328125 0.64140625 0.053125 0.1328125
1 0.784375 0.72890625 0.0890625 0.0828125
1 0.8140625 0.83515625 0.078125 0.1234375
1 0.79453125 0.640625 0.059375 0.090625