4 0.35234375 0.47578125 0.0375 0.0390625
4 0.34140625 0.428125 0.0375 0.0515625
4 0.3015625 0.36953125 0.034375 0.03125
4 0.4234375 0.51171875 0.0296875 0.03125
4 0.45625 0.52578125 0.025 0.0375
4 0.4296875 0.54765625 0.021875 0.025
4 0.38359375 0.58828125 0.025 0.046875
4 0.39375 0.73046875 0.0421875 0.04375
4 0.3828125 0.646875 0.03125 0.028125
4 0.46953125 0.59375 0.028125 0.0375
4 0.27578125 0.3359375 0.0234375 0.028125
4 0.25078125 0.325 0.025 0.03125
4 0.43984375 0.75234375 0.040625 0.0375