4 0.346875 0.2375 0.125 0.075
4 0.33515625 0.18359375 0.0796875 0.04375
4 0.58671875 0.69296875 0.0890625 0.0953125
4 0.3828125 0.80703125 0.0828125 0.096875
4 0.3984375 0.725 0.0734375 0.046875
4 0.4921875 0.66484375 0.05625 0.0640625
4 0.50234375 0.73125 0.075 0.0609375
4 0.49609375 0.8 0.0734375 0.053125
4 0.48125 0.871875 0.075 0.078125
4 0.5875 0.8609375 0.1125 0.0546875
4 0.6203125 0.36171875 0.090625 0.059375
4 0.67109375 0.4265625 0.065625 0.0546875
4 0.3953125 0.3078125 0.08125 0.0484375
4 0.23359375 0.4609375 0.0953125 0.0515625
4 0.16015625 0.4796875 0.071875 0.0625
4 0.315625 0.56171875 0.0546875 0.05
4 0.36953125 0.546875 0.059375 0.0375
4 0.3671875 0.47734375 0.05625 0.05625
4 0.2890625 0.37578125 0.0765625 0.0453125
4 0.36171875 0.35546875 0.0734375 0.0546875
4 0.41640625 0.38515625 0.059375 0.0671875
4 0.65078125 0.16875 0.06875 0.05
4 0.634375 0.21875 0.0640625 0.0453125
4 0.70703125 0.06875 0.06875 0.046875
4 0.765625 0.03125 0.065625 0.0421875
4 0.68046875 0.26171875 0.053125 0.0484375
4 0.7265625 0.34296875 0.046875 0.05
4 0.71796875 0.4125 0.040625 0.04375
4 0.6734375 0.3515625 0.0375 0.053125
4 0.65546875 0.4890625 0.0796875 0.034375
4 0.6140625 0.46015625 0.06875 0.03125
4 0.57734375 0.478125 0.06875 0.034375
4 0.6109375 0.55546875 0.065625 0.053125
4 0.778125 0.50625 0.0890625 0.034375
4 0.83359375 0.47578125 0.040625 0.04375
4 0.86953125 0.5578125 0.078125 0.0375
4 0.94140625 0.5890625 0.06875 0.0453125
4 0.9625 0.3703125 0.065625 0.0453125
4 0.71484375 0.5609375 0.06875 0.040625
4 0.4 0.06484375 0.05 0.0453125
4 0.196875 0.17421875 0.0578125 0.046875
4 0.25546875 0.15703125 0.0875 0.0328125