4 0.6296875 0.69921875 0.04375 0.059375
4 0.590625 0.78515625 0.0484375 0.0296875
4 0.671875 0.5859375 0.06875 0.046875
4 0.67421875 0.6453125 0.04375 0.04375
4 0.4796875 0.64609375 0.05 0.028125
4 0.44453125 0.6609375 0.053125 0.021875
4 0.58984375 0.59375 0.075 0.03125
4 0.74921875 0.575 0.0625 0.025
4 0.790625 0.47734375 0.046875 0.0421875
4 0.903125 0.3984375 0.0625 0.0296875
4 0.82734375 0.4265625 0.053125 0.0296875
4 0.80234375 0.503125 0.0484375 0.03125
4 0.653125 0.80234375 0.0375 0.0453125
4 0.62265625 0.85859375 0.0375 0.0484375
4 0.584375 0.85 0.034375 0.0375
4 0.4859375 0.68203125 0.05 0.0234375
4 0.8578125 0.49296875 0.040625 0.03125
4 0.88359375 0.4609375 0.05 0.034375
4 0.9359375 0.42578125 0.0546875 0.034375
4 0.95625 0.38828125 0.059375 0.03125
4 0.92109375 0.34375 0.03125 0.028125
4 0.9640625 0.29453125 0.053125 0.03125
4 0.96328125 0.265625 0.040625 0.034375