4 0.934375 0.384375 0.1265625 0.14375
4 0.67421875 0.68125 0.17890625 0.26328125
4 0.51953125 0.64765625 0.10390625 0.16640625
4 0.14453125 0.65078125 0.1203125 0.21875
4 0.5546875 0.27578125 0.19140625 0.18359375
4 0.80390625 0.12578125 0.13125 0.1609375
4 0.06171875 0.27421875 0.09296875 0.1359375
4 0.2078125 0.31640625 0.096875 0.12890625
4 0.39921875 0.65234375 0.146875 0.0921875
4 0.61640625 0.42578125 0.11171875 0.1921875
4 0.5890625 0.1453125 0.0921875 0.12265625
4 0.4015625 0.27109375 0.1078125 0.11953125
4 0.315625 0.21328125 0.17109375 0.11796875