4 0.41953125 0.39296875 0.0375 0.046875
4 0.33203125 0.50078125 0.03203125 0.0609375
4 0.26640625 0.61015625 0.04375 0.0609375
4 0.22265625 0.6625 0.04765625 0.053125
4 0.196875 0.5484375 0.03046875 0.07265625
4 0.45859375 0.70234375 0.0421875 0.06171875
4 0.49296875 0.71875 0.0375 0.0546875
4 0.50625 0.475 0.03671875 0.05078125
4 0.5671875 0.459375 0.02734375 0.0640625
4 0.52578125 0.58125 0.03359375 0.06328125
4 0.6734375 0.634375 0.034375 0.07265625
4 0.64765625 0.29296875 0.0265625 0.075
4 0.61796875 0.2859375 0.03046875 0.03671875
4 0.5640625 0.26640625 0.02578125 0.05078125
4 0.54296875 0.2984375 0.03671875 0.03984375
4 0.31328125 0.3171875 0.03359375 0.0359375
4 0.515625 0.1609375 0.0265625 0.05
4 0.48828125 0.140625 0.03828125 0.03515625
4 0.7015625 0.08203125 0.0515625 0.0859375
4 0.75390625 0.10546875 0.0453125 0.040625
4 0.49921875 0.82421875 0.040625 0.05546875