4 0.5390625 0.17421875 0.08125 0.115625
4 0.8703125 0.21875 0.1671875 0.128125
4 0.90703125 0.6578125 0.10625 0.09375
4 0.8140625 0.70078125 0.1140625 0.0671875
4 0.603125 0.571875 0.140625 0.11875
4 0.70859375 0.425 0.153125 0.109375
4 0.4921875 0.44296875 0.1078125 0.059375
4 0.36640625 0.175 0.140625 0.084375
4 0.421875 0.07578125 0.159375 0.090625
4 0.21875 0.11171875 0.15625 0.0828125
4 0.08671875 0.465625 0.0953125 0.134375
4 0.31484375 0.61328125 0.153125 0.065625
4 0.32265625 0.69609375 0.08125 0.0640625
4 0.30546875 0.6546875 0.1078125 0.0390625
4 0.41015625 0.59609375 0.078125 0.075
4 0.10546875 0.1578125 0.1109375 0.090625