4 0.32109375 0.5296875 0.1796875 0.125
4 0.34140625 0.7125 0.159375 0.08125
4 0.778125 0.5234375 0.1859375 0.075
4 0.5671875 0.5546875 0.159375 0.065625
4 0.50390625 0.50390625 0.15625 0.0859375
4 0.434375 0.58828125 0.15625 0.0875
4 0.4984375 0.640625 0.125 0.084375
4 0.42734375 0.740625 0.134375 0.06875
4 0.10859375 0.6375 0.178125 0.14375
4 0.396875 0.4015625 0.0625 0.125
4 0.7921875 0.35 0.115625 0.075
4 0.91328125 0.475 0.1734375 0.084375
4 0.084375 0.8703125 0.128125 0.078125
4 0.14921875 0.79375 0.121875 0.0765625