4 0.065625 0.384375 0.1265625 0.14375
4 0.32578125 0.68125 0.178125 0.2625
4 0.48046875 0.64765625 0.103125 0.165625
4 0.85546875 0.65078125 0.1203125 0.21875
4 0.4453125 0.27578125 0.190625 0.184375
4 0.19609375 0.12578125 0.13125 0.1609375
4 0.93828125 0.27421875 0.09375 0.1359375
4 0.7921875 0.31640625 0.096875 0.128125
4 0.60078125 0.65234375 0.146875 0.0921875
4 0.38359375 0.42578125 0.1125 0.1921875
4 0.4109375 0.1453125 0.0921875 0.121875
4 0.5984375 0.27109375 0.1078125 0.11875
4 0.684375 0.21328125 0.171875 0.11875