4 0.75390625 0.5859375 0.04375 0.0359375
4 0.73671875 0.70703125 0.034375 0.0453125
4 0.63125 0.7140625 0.065625 0.0375
4 0.64140625 0.54921875 0.0734375 0.0390625
4 0.57265625 0.5171875 0.053125 0.0375
4 0.6421875 0.3453125 0.03125 0.0421875
4 0.54765625 0.340625 0.0625 0.03125
4 0.4625 0.2953125 0.04375 0.04375
4 0.5875 0.81484375 0.0390625 0.040625
4 0.5328125 0.73828125 0.0453125 0.046875
4 0.48671875 0.715625 0.0640625 0.028125
4 0.496875 0.640625 0.059375 0.0375
4 0.7109375 0.4359375 0.046875 0.0359375
4 0.5640625 0.58984375 0.04375 0.0375
4 0.43984375 0.34296875 0.053125 0.03125
4 0.55859375 0.221875 0.05625 0.0359375
4 0.553125 0.29609375 0.040625 0.0421875