4 0.2484375 0.575 0.10078125 0.16171875
4 0.3640625 0.784375 0.075 0.2546875
4 0.296875 0.69375 0.05859375 0.12109375
4 0.64296875 0.18046875 0.1046875 0.17890625
4 0.8109375 0.15390625 0.08359375 0.19921875
4 0.73125 0.30078125 0.0828125 0.21875
4 0.59375 0.3328125 0.0515625 0.19921875
4 0.1390625 0.5375 0.0578125 0.15
4 0.084375 0.4546875 0.0484375 0.10078125
4 0.38984375 0.4140625 0.1046875 0.18203125
4 0.5046875 0.375 0.08984375 0.22265625
4 0.440625 0.18671875 0.065625 0.1796875
4 0.503125 0.60625 0.071875 0.1375
4 0.51328125 0.784375 0.06875 0.20234375
4 0.62734375 0.7671875 0.0578125 0.19296875
4 0.53671875 0.8828125 0.06796875 0.15625
4 0.6 0.92421875 0.06796875 0.15
4 0.69296875 0.81875 0.0859375 0.1453125
4 0.70234375 0.6515625 0.1015625 0.125
4 0.6578125 0.52265625 0.06328125 0.11484375
4 0.646875 0.38125 0.04609375 0.1140625
4 0.721875 0.521875 0.0453125 0.15703125
4 0.7765625 0.70078125 0.06953125 0.165625
4 0.846875 0.67734375 0.06640625 0.24296875
4 0.89375 0.7875 0.09140625 0.1890625
4 0.821875 0.42421875 0.0625 0.21953125