4 0.575 0.7515625 0.1625 0.1
4 0.784375 0.6359375 0.2546875 0.075
4 0.69375 0.703125 0.121875 0.059375
4 0.18046875 0.35703125 0.178125 0.1046875
4 0.15390625 0.1890625 0.2 0.084375
4 0.30078125 0.26875 0.21875 0.0828125
4 0.3328125 0.40625 0.2 0.0515625
4 0.5375 0.8609375 0.15 0.0578125
4 0.4546875 0.915625 0.1 0.0484375
4 0.4140625 0.61015625 0.18125 0.1046875
4 0.375 0.4953125 0.221875 0.090625
4 0.18671875 0.559375 0.1796875 0.065625
4 0.60625 0.496875 0.1375 0.071875
4 0.784375 0.48671875 0.203125 0.06875
4 0.7671875 0.37265625 0.19375 0.0578125
4 0.8828125 0.46328125 0.15625 0.06875
4 0.92421875 0.4 0.15 0.06875
4 0.81875 0.30703125 0.1453125 0.0859375
4 0.6515625 0.29765625 0.125 0.1015625
4 0.52265625 0.3421875 0.115625 0.0625
4 0.38125 0.353125 0.1140625 0.046875
4 0.521875 0.278125 0.15625 0.0453125
4 0.70078125 0.2234375 0.165625 0.06875
4 0.67734375 0.153125 0.24375 0.065625
4 0.7875 0.10625 0.1890625 0.090625
4 0.42421875 0.178125 0.21875 0.0625