4 0.4140625 0.24609375 0.0359375 0.04453125
4 0.29296875 0.26328125 0.0453125 0.03515625
4 0.2859375 0.36875 0.03671875 0.065625
4 0.45078125 0.35859375 0.0390625 0.0734375
4 0.4828125 0.42734375 0.03671875 0.053125
4 0.6546875 0.3578125 0.0421875 0.03125
4 0.659375 0.45234375 0.03125 0.0625
4 0.7046875 0.5375 0.04375 0.04375
4 0.18515625 0.4125 0.040625 0.0390625
4 0.26171875 0.4671875 0.04765625 0.0453125
4 0.284375 0.51328125 0.02734375 0.0640625
4 0.359375 0.503125 0.0375 0.059375
4 0.5640625 0.2890625 0.0359375 0.046875
4 0.41015625 0.4359375 0.03828125 0.04296875
4 0.65703125 0.56015625 0.03203125 0.053125
4 0.778125 0.44140625 0.0359375 0.05625
4 0.70390625 0.446875 0.0421875 0.04140625