4 0.58515625 0.884375 0.075 0.0859375
4 0.6078125 0.62890625 0.0515625 0.059375
4 0.63125 0.5703125 0.0671875 0.06875
4 0.6484375 0.4921875 0.0765625 0.08125
4 0.5296875 0.82734375 0.0609375 0.05
4 0.44765625 0.85078125 0.0890625 0.084375
4 0.42421875 0.8765625 0.04375 0.046875
4 0.4703125 0.95 0.0734375 0.05625
4 0.55625 0.59140625 0.04375 0.04375
4 0.628125 0.271875 0.0640625 0.06875
4 0.5984375 0.184375 0.0625 0.0625
4 0.6015625 0.41953125 0.053125 0.0578125
4 0.5125 0.5671875 0.059375 0.0625
4 0.5515625 0.446875 0.04375 0.046875
4 0.64140625 0.3765625 0.05 0.0484375
4 0.659375 0.31015625 0.065625 0.034375
4 0.60625 0.10625 0.071875 0.0515625
4 0.56015625 0.490625 0.06875 0.0359375
4 0.53203125 0.66171875 0.04375 0.0453125
4 0.4890625 0.79765625 0.05625 0.04375
4 0.52890625 0.7734375 0.05625 0.040625
4 0.50625 0.67109375 0.034375 0.034375
4 0.51953125 0.61484375 0.0546875 0.040625
4 0.5109375 0.5125 0.053125 0.05
4 0.5265625 0.4234375 0.0390625 0.071875
4 0.57578125 0.34296875 0.05625 0.04375
4 0.55859375 0.23203125 0.06875 0.0578125