4 0.30078125 0.6296875 0.06015625 0.04453125
4 0.21484375 0.590625 0.0296875 0.0484375
4 0.4140625 0.671875 0.04609375 0.06953125
4 0.3546875 0.67421875 0.04375 0.04453125
4 0.35390625 0.4796875 0.02734375 0.04921875
4 0.3390625 0.44453125 0.021875 0.053125
4 0.40625 0.58984375 0.03203125 0.07421875
4 0.425 0.74921875 0.02578125 0.06328125
4 0.52265625 0.790625 0.0421875 0.04765625
4 0.6015625 0.903125 0.0296875 0.06328125
4 0.5734375 0.82734375 0.0296875 0.053125
4 0.496875 0.80234375 0.03203125 0.0484375
4 0.19765625 0.653125 0.0453125 0.03828125
4 0.14140625 0.62265625 0.0484375 0.03671875
4 0.15 0.584375 0.03828125 0.03359375
4 0.31796875 0.4859375 0.0234375 0.05
4 0.50703125 0.8578125 0.03125 0.040625
4 0.5390625 0.88359375 0.03515625 0.04921875
4 0.57421875 0.9359375 0.03515625 0.0546875
4 0.61171875 0.95625 0.03046875 0.059375
4 0.65625 0.92109375 0.02734375 0.03125
4 0.70546875 0.9640625 0.03203125 0.05390625
4 0.734375 0.96328125 0.03515625 0.040625