4 0.5484375 0.54921875 0.05625 0.07890625
4 0.49375 0.58984375 0.04140625 0.07578125
4 0.184375 0.60859375 0.0515625 0.0609375
4 0.1171875 0.565625 0.0453125 0.0671875
4 0.246875 0.59453125 0.0453125 0.06328125
4 0.26015625 0.69609375 0.059375 0.0453125
4 0.3984375 0.7203125 0.0703125 0.05859375
4 0.46484375 0.70390625 0.03828125 0.0875
4 0.16328125 0.66171875 0.0453125 0.05
4 0.1640625 0.7515625 0.04921875 0.06328125
4 0.40703125 0.65078125 0.05703125 0.06015625
4 0.45234375 0.6015625 0.06328125 0.06953125