4 0.653125 0.7625 0.125 0.075
4 0.66484375 0.81640625 0.0796875 0.04375
4 0.41328125 0.30703125 0.0890625 0.0953125
4 0.6171875 0.19296875 0.0828125 0.096875
4 0.6015625 0.275 0.0734375 0.046875
4 0.5078125 0.33515625 0.05625 0.0640625
4 0.49765625 0.26875 0.075 0.0609375
4 0.50390625 0.2 0.0734375 0.053125
4 0.51875 0.128125 0.075 0.078125
4 0.4125 0.1390625 0.1125 0.0546875
4 0.3796875 0.63828125 0.090625 0.059375
4 0.32890625 0.5734375 0.065625 0.0546875
4 0.6046875 0.6921875 0.08125 0.0484375
4 0.76640625 0.5390625 0.0953125 0.0515625
4 0.83984375 0.5203125 0.071875 0.0625
4 0.684375 0.43828125 0.0546875 0.05
4 0.63046875 0.453125 0.059375 0.0375
4 0.6328125 0.52265625 0.05625 0.05625
4 0.7109375 0.62421875 0.0765625 0.0453125
4 0.63828125 0.64453125 0.0734375 0.0546875
4 0.58359375 0.61484375 0.059375 0.0671875
4 0.34921875 0.83125 0.06875 0.05
4 0.365625 0.78125 0.0640625 0.0453125
4 0.29296875 0.93125 0.06875 0.046875
4 0.234375 0.96875 0.065625 0.0421875
4 0.31953125 0.73828125 0.053125 0.0484375
4 0.2734375 0.65703125 0.046875 0.05
4 0.28203125 0.5875 0.040625 0.04375
4 0.3265625 0.6484375 0.0375 0.053125
4 0.34453125 0.5109375 0.0796875 0.034375
4 0.3859375 0.53984375 0.06875 0.03125
4 0.42265625 0.521875 0.06875 0.034375
4 0.3890625 0.44453125 0.065625 0.053125
4 0.221875 0.49375 0.0890625 0.034375
4 0.16640625 0.52421875 0.040625 0.04375
4 0.13046875 0.4421875 0.078125 0.0375
4 0.05859375 0.4109375 0.06875 0.0453125
4 0.0375 0.6296875 0.065625 0.0453125
4 0.28515625 0.4390625 0.06875 0.040625
4 0.6 0.93515625 0.05 0.0453125
4 0.803125 0.82578125 0.0578125 0.046875
4 0.74453125 0.84296875 0.0875 0.0328125