4 0.82578125 0.4609375 0.11640625 0.08203125
4 0.78125 0.1296875 0.12890625 0.1671875
4 0.3421875 0.09296875 0.09375 0.10625
4 0.29921875 0.1859375 0.06640625 0.1140625
4 0.428125 0.396875 0.11875 0.140625
4 0.575 0.29140625 0.11015625 0.15390625
4 0.55703125 0.5078125 0.05859375 0.1078125
4 0.825 0.63359375 0.084375 0.14140625
4 0.92421875 0.578125 0.09140625 0.159375
4 0.88828125 0.78125 0.0828125 0.15703125
4 0.534375 0.91328125 0.134375 0.0953125
4 0.38671875 0.68515625 0.065625 0.15234375
4 0.30390625 0.67734375 0.0640625 0.08125
4 0.3453125 0.69453125 0.0390625 0.1078125
4 0.40390625 0.58984375 0.07578125 0.07890625
4 0.8421875 0.89453125 0.08984375 0.1109375