4 0.3703125 0.30078125 0.04375 0.059375
4 0.409375 0.21484375 0.0484375 0.0296875
4 0.328125 0.4140625 0.06875 0.046875
4 0.32578125 0.3546875 0.04375 0.04375
4 0.5203125 0.35390625 0.05 0.028125
4 0.55546875 0.3390625 0.053125 0.021875
4 0.41015625 0.40625 0.075 0.03125
4 0.25078125 0.425 0.0625 0.025
4 0.209375 0.52265625 0.046875 0.0421875
4 0.096875 0.6015625 0.0625 0.0296875
4 0.17265625 0.5734375 0.053125 0.0296875
4 0.19765625 0.496875 0.0484375 0.03125
4 0.346875 0.19765625 0.0375 0.0453125
4 0.37734375 0.14140625 0.0375 0.0484375
4 0.415625 0.15 0.034375 0.0375
4 0.5140625 0.31796875 0.05 0.0234375
4 0.1421875 0.50703125 0.040625 0.03125
4 0.11640625 0.5390625 0.05 0.034375
4 0.0640625 0.57421875 0.0546875 0.034375
4 0.04375 0.61171875 0.059375 0.0296875
4 0.07890625 0.65625 0.03125 0.028125
4 0.0359375 0.70546875 0.053125 0.03125
4 0.03671875 0.734375 0.040625 0.034375