4 0.5296875 0.67890625 0.125 0.1796875
4 0.7125 0.65859375 0.08125 0.159375
4 0.5234375 0.221875 0.075 0.1859375
4 0.5546875 0.4328125 0.065625 0.159375
4 0.50390625 0.49609375 0.0859375 0.15625
4 0.58828125 0.565625 0.0875 0.15625
4 0.640625 0.5015625 0.084375 0.125
4 0.740625 0.57265625 0.06875 0.134375
4 0.6375 0.89140625 0.14375 0.178125
4 0.4015625 0.603125 0.125 0.0625
4 0.35 0.2078125 0.075 0.115625
4 0.475 0.08671875 0.084375 0.1734375
4 0.8703125 0.915625 0.078125 0.128125
4 0.79375 0.85078125 0.0765625 0.121875