4 0.59375 0.53671875 0.315625 0.2046875
4 0.4421875 0.31015625 0.24375 0.13125
4 0.2265625 0.31953125 0.2 0.1328125
4 0.659375 0.3921875 0.175 0.1625
4 0.72265625 0.31640625 0.1734375 0.140625
4 0.875 0.3515625 0.15 0.1328125
4 0.85859375 0.540625 0.1953125 0.15
4 0.9375 0.571875 0.125 0.0828125
4 0.4859375 0.81953125 0.1484375 0.078125
4 0.34140625 0.8671875 0.146875 0.14375
4 0.18828125 0.8875 0.175 0.1171875
4 0.21484375 0.7078125 0.121875 0.121875
4 0.309375 0.72421875 0.103125 0.1171875
4 0.41328125 0.740625 0.115625 0.0640625
4 0.359375 0.45 0.18125 0.090625
4 0.3671875 0.52109375 0.125 0.075
4 0.1515625 0.61171875 0.103125 0.090625
4 0.9578125 0.3984375 0.084375 0.13125