4 0.46328125 0.40625 0.2046875 0.31484375
4 0.68984375 0.5578125 0.13125 0.24296875
4 0.68046875 0.7734375 0.1328125 0.2
4 0.6078125 0.340625 0.16328125 0.175
4 0.68359375 0.27734375 0.14140625 0.1734375
4 0.6484375 0.125 0.1328125 0.14921875
4 0.459375 0.14140625 0.15 0.1953125
4 0.428125 0.0625 0.0828125 0.12421875
4 0.18046875 0.5140625 0.07734375 0.1484375
4 0.1328125 0.65859375 0.14453125 0.146875
4 0.1125 0.81171875 0.1171875 0.17578125
4 0.2921875 0.78515625 0.12265625 0.121875
4 0.27578125 0.690625 0.1171875 0.10390625
4 0.259375 0.58671875 0.0640625 0.115625
4 0.55 0.640625 0.08984375 0.18203125
4 0.47890625 0.6328125 0.075 0.125
4 0.38828125 0.8484375 0.090625 0.103125
4 0.6015625 0.0421875 0.13046875 0.08359375