4 0.221875 0.48984375 0.07421875 0.0859375
4 0.271875 0.45703125 0.04296875 0.0984375
4 0.328125 0.45234375 0.0703125 0.05859375
4 0.3625 0.53125 0.07421875 0.1078125
4 0.29375 0.521875 0.06484375 0.075
4 0.4890625 0.52421875 0.06171875 0.1
4 0.546875 0.61484375 0.05625 0.0640625
4 0.59296875 0.69609375 0.08203125 0.07890625
4 0.653125 0.56640625 0.071875 0.05703125
4 0.70234375 0.6328125 0.04609375 0.05546875
4 0.69375 0.74375 0.04609375 0.05390625
4 0.7296875 0.76875 0.04296875 0.04609375
4 0.671875 0.69296875 0.04296875 0.03828125