4 0.52421875 0.64765625 0.0390625 0.0375
4 0.571875 0.65859375 0.0515625 0.0375
4 0.63046875 0.6984375 0.03125 0.034375
4 0.48828125 0.5765625 0.03125 0.0296875
4 0.47421875 0.54375 0.0375 0.025
4 0.45234375 0.5703125 0.025 0.021875
4 0.41171875 0.61640625 0.046875 0.025
4 0.26953125 0.60625 0.04375 0.0421875
4 0.353125 0.6171875 0.028125 0.03125
4 0.40625 0.53046875 0.0375 0.028125
4 0.6640625 0.72421875 0.028125 0.0234375
4 0.675 0.74921875 0.03125 0.025
4 0.24765625 0.56015625 0.0375 0.040625