4 0.24609375 0.5859375 0.04375 0.0359375
4 0.26328125 0.70703125 0.034375 0.0453125
4 0.36875 0.7140625 0.065625 0.0375
4 0.35859375 0.54921875 0.0734375 0.0390625
4 0.42734375 0.5171875 0.053125 0.0375
4 0.3578125 0.3453125 0.03125 0.0421875
4 0.45234375 0.340625 0.0625 0.03125
4 0.5375 0.2953125 0.04375 0.04375
4 0.4125 0.81484375 0.0390625 0.040625
4 0.4671875 0.73828125 0.0453125 0.046875
4 0.51328125 0.715625 0.0640625 0.028125
4 0.503125 0.640625 0.059375 0.0375
4 0.2890625 0.4359375 0.046875 0.0359375
4 0.4359375 0.58984375 0.04375 0.0375
4 0.56015625 0.34296875 0.053125 0.03125
4 0.44140625 0.221875 0.05625 0.0359375
4 0.446875 0.29609375 0.040625 0.0421875