4 0.7625 0.346875 0.075 0.12578125
4 0.81640625 0.33515625 0.04296875 0.0796875
4 0.30703125 0.58671875 0.0953125 0.0890625
4 0.19296875 0.3828125 0.09765625 0.0828125
4 0.275 0.3984375 0.046875 0.0734375
4 0.33515625 0.4921875 0.0640625 0.05625
4 0.26875 0.50234375 0.0609375 0.07578125
4 0.2 0.49609375 0.053125 0.0734375
4 0.128125 0.48125 0.07734375 0.07421875
4 0.1390625 0.5875 0.0546875 0.1125
4 0.63828125 0.6203125 0.06015625 0.08984375
4 0.5734375 0.67109375 0.0546875 0.06640625
4 0.6921875 0.3953125 0.0484375 0.08125
4 0.5390625 0.23359375 0.0515625 0.0953125
4 0.5203125 0.16015625 0.0625 0.07265625
4 0.43828125 0.315625 0.05 0.0546875
4 0.453125 0.36953125 0.03671875 0.05859375
4 0.52265625 0.3671875 0.05625 0.05703125
4 0.62421875 0.2890625 0.0453125 0.0765625
4 0.64453125 0.36171875 0.0546875 0.0734375
4 0.61484375 0.41640625 0.0671875 0.06015625
4 0.83125 0.65078125 0.04921875 0.06796875
4 0.78125 0.634375 0.0453125 0.0640625
4 0.93125 0.70703125 0.046875 0.06796875
4 0.96875 0.765625 0.0421875 0.06640625
4 0.73828125 0.68046875 0.0484375 0.05390625
4 0.65703125 0.7265625 0.05 0.04609375
4 0.5875 0.71796875 0.04375 0.04140625
4 0.6484375 0.6734375 0.05234375 0.03828125
4 0.5109375 0.65546875 0.03359375 0.0796875
4 0.53984375 0.6140625 0.03046875 0.06875
4 0.521875 0.57734375 0.03515625 0.06953125
4 0.44453125 0.6109375 0.05234375 0.065625
4 0.49375 0.778125 0.034375 0.0890625
4 0.52421875 0.83359375 0.04375 0.04140625
4 0.4421875 0.86953125 0.0375 0.07734375
4 0.4109375 0.94140625 0.0453125 0.06953125
4 0.6296875 0.9625 0.0453125 0.065625
4 0.4390625 0.71484375 0.03984375 0.06953125
4 0.93515625 0.4 0.0453125 0.05078125
4 0.82578125 0.196875 0.046875 0.0578125
4 0.84296875 0.25546875 0.0328125 0.0875