4 0.44453125 0.50078125 0.03203125 0.06484375
4 0.4421875 0.546875 0.02734375 0.03984375
4 0.45546875 0.56796875 0.03203125 0.05390625
4 0.55234375 0.58515625 0.02734375 0.07578125
4 0.53046875 0.6203125 0.0390625 0.0421875
4 0.48828125 0.596875 0.02578125 0.04375
4 0.50234375 0.54296875 0.0359375 0.0375
4 0.4703125 0.5203125 0.02734375 0.04296875
4 0.5984375 0.49765625 0.0265625 0.05
4 0.5625 0.5390625 0.02890625 0.0390625
4 0.534375 0.446875 0.01875 0.053125
4 0.58984375 0.43125 0.0359375 0.04296875