4 0.39296875 0.41953125 0.046875 0.0375
4 0.50078125 0.33203125 0.0609375 0.03125
4 0.61015625 0.26640625 0.0609375 0.04375
4 0.6625 0.22265625 0.053125 0.046875
4 0.5484375 0.196875 0.071875 0.03125
4 0.70234375 0.45859375 0.0625 0.0421875
4 0.71875 0.49296875 0.0546875 0.0375
4 0.475 0.50625 0.05 0.0375
4 0.459375 0.5671875 0.0640625 0.028125
4 0.58125 0.52578125 0.0625 0.034375
4 0.634375 0.6734375 0.071875 0.034375
4 0.29296875 0.64765625 0.075 0.0265625
4 0.2859375 0.61796875 0.0375 0.03125
4 0.26640625 0.5640625 0.05 0.025
4 0.2984375 0.54296875 0.040625 0.0375
4 0.3171875 0.31328125 0.0359375 0.034375
4 0.1609375 0.515625 0.05 0.0265625
4 0.140625 0.48828125 0.034375 0.0375
4 0.08203125 0.7015625 0.0859375 0.0515625
4 0.10546875 0.75390625 0.040625 0.0453125
4 0.82421875 0.49921875 0.05625 0.040625