4 0.59375 0.46328125 0.315625 0.2046875
4 0.4421875 0.68984375 0.24375 0.13125
4 0.2265625 0.68046875 0.2 0.1328125
4 0.659375 0.6078125 0.175 0.1625
4 0.72265625 0.68359375 0.1734375 0.140625
4 0.875 0.6484375 0.15 0.1328125
4 0.85859375 0.459375 0.1953125 0.15
4 0.9375 0.428125 0.125 0.0828125
4 0.4859375 0.18046875 0.1484375 0.078125
4 0.34140625 0.1328125 0.146875 0.14375
4 0.18828125 0.1125 0.175 0.1171875
4 0.21484375 0.2921875 0.121875 0.121875
4 0.309375 0.27578125 0.103125 0.1171875
4 0.41328125 0.259375 0.115625 0.0640625
4 0.359375 0.55 0.18125 0.090625
4 0.3671875 0.47890625 0.125 0.075
4 0.1515625 0.38828125 0.103125 0.090625
4 0.9578125 0.6015625 0.084375 0.13125