4 0.58671875 0.43046875 0.01875 0.0375
4 0.6296875 0.52109375 0.025 0.01953125
4 0.5859375 0.51484375 0.0125 0.0296875
4 0.50703125 0.52109375 0.0296875 0.021875
4 0.48984375 0.55390625 0.01796875 0.015625
4 0.39609375 0.5453125 0.02109375 0.01875
4 0.40546875 0.52421875 0.01875 0.02109375
4 0.4078125 0.5703125 0.02109375 0.0171875
4 0.56875 0.43984375 0.01796875 0.03125
4 0.66953125 0.47578125 0.01953125 0.02578125
4 0.71640625 0.52421875 0.0140625 0.02421875
4 0.66328125 0.55390625 0.02265625 0.02421875
4 0.63359375 0.4125 0.015625 0.02109375
4 0.6453125 0.43515625 0.015625 0.02578125
4 0.615625 0.48203125 0.0140625 0.01875
4 0.55859375 0.503125 0.02109375 0.02109375
4 0.3796875 0.528125 0.01328125 0.025
4 0.3140625 0.58125 0.02578125 0.02109375
4 0.63359375 0.4671875 0.0109375 0.02109375
4 0.48515625 0.4296875 0.021875 0.028125