4 0.115625 0.41484375 0.08515625 0.075
4 0.37109375 0.3921875 0.06015625 0.0515625
4 0.4296875 0.36875 0.06875 0.0671875
4 0.5078125 0.3515625 0.08203125 0.0765625
4 0.17265625 0.4703125 0.05 0.0609375
4 0.14921875 0.55234375 0.084375 0.0890625
4 0.1234375 0.57578125 0.046875 0.04296875
4 0.05 0.5296875 0.05625 0.0734375
4 0.40859375 0.44375 0.04375 0.04296875
4 0.728125 0.371875 0.06796875 0.0640625
4 0.815625 0.4015625 0.06328125 0.0625
4 0.58046875 0.3984375 0.0578125 0.05390625
4 0.4328125 0.4875 0.06171875 0.05859375
4 0.553125 0.4484375 0.046875 0.04375
4 0.6234375 0.35859375 0.0484375 0.05
4 0.68984375 0.340625 0.03359375 0.065625
4 0.89375 0.39375 0.0515625 0.07109375
4 0.509375 0.43984375 0.0359375 0.06953125
4 0.33828125 0.46796875 0.0453125 0.04375
4 0.20234375 0.5109375 0.04296875 0.05546875
4 0.2265625 0.47109375 0.03984375 0.05546875
4 0.32890625 0.49375 0.034375 0.034375
4 0.38515625 0.48046875 0.03984375 0.0546875
4 0.4875 0.4890625 0.04921875 0.05390625
4 0.5765625 0.4734375 0.07109375 0.0390625
4 0.65703125 0.42421875 0.04296875 0.05625
4 0.76796875 0.44140625 0.0578125 0.06796875