4 0.615625 0.065625 0.14375 0.1265625
4 0.31875 0.32578125 0.2625 0.178125
4 0.35234375 0.48046875 0.165625 0.103125
4 0.34921875 0.85546875 0.21875 0.1203125
4 0.72421875 0.4453125 0.184375 0.190625
4 0.87421875 0.19609375 0.1609375 0.13125
4 0.72578125 0.93828125 0.1359375 0.09375
4 0.68359375 0.7921875 0.128125 0.096875
4 0.34765625 0.60078125 0.0921875 0.146875
4 0.57421875 0.38359375 0.1921875 0.1125
4 0.8546875 0.4109375 0.121875 0.0921875
4 0.72890625 0.5984375 0.11875 0.1078125
4 0.78671875 0.684375 0.11875 0.171875