4 0.64765625 0.47578125 0.03671875 0.0390625
4 0.65859375 0.428125 0.03828125 0.0515625
4 0.6984375 0.36953125 0.034375 0.03046875
4 0.5765625 0.51171875 0.0296875 0.03125
4 0.54375 0.52578125 0.02421875 0.03671875
4 0.5703125 0.54765625 0.02265625 0.025
4 0.61640625 0.58828125 0.02578125 0.04765625
4 0.60625 0.73046875 0.0421875 0.04453125
4 0.6171875 0.646875 0.03203125 0.028125
4 0.53046875 0.59375 0.028125 0.0375
4 0.72421875 0.3359375 0.0234375 0.028125
4 0.74921875 0.325 0.025 0.03203125
4 0.56015625 0.75234375 0.03984375 0.03671875